-1.431967748090018
-1.4065109598295396
-1.3892475721476272
-1.3748822868537662
-1.3615724832938254
-1.3472966456045339
-1.331535977679389
-1.316830791488164
-1.302823296612581
-1.2847191014477153
-1.2657025407162408
-1.2460598467527797
-1.2230718123784194
-1.1968815537604713
-1.1631419173168578
-1.133355864995216
-1.1058596713505533
-1.0796336336907773
-1.0304732302193829
-0.985481085120927
-0.9395586849349483
-0.8948169931292869
-0.8481790121067523
-0.8003245436620725
-0.7532572141376043
-0.7024151957003033
-0.6504461374454268
-0.5972784812893189
-0.5421608673535961
-0.4903170357451169
-0.43757872809094267
-0.3867545991745557
-0.33272824601458073
-0.2817967799727103
-0.23342351542152745
-0.18606995356243683
-0.14288465007628467
-0.10250800137361465
-0.06400975236690404
-0.028338047664589458
0.006922198056705445
0.049409810227215537
0.09608357029157799
0.13606664953414224
0.17207825513382088
0.2068733733113544
0.24478126812790638
0.2816694602523661
0.3210979643465995
0.36306678041060647
0.40725389706793697
0.4550450902771443
0.4951135740925515
0.5348568979758277
0.5727714476941596
0.6092854804887051
0.6471753247786549
0.6862544823084816
0.7247666493624633
0.7644434778965025
0.8059522291511668
0.855867516736565
0.9159872017255022
0.9768417345650195
1.036971330348543
1.0938657493909552
1.149706421982976
1.205348198881476
1.2633884059593814
1.3206979871136424
1.3775763771453158
1.4320306118665094
1.4800685373481612
1.5275051065842922
1.5752169597682464
1.6232506275439207
1.671669742937206
1.7201517936650663
1.768377147657333
1.8164051265653567
